Current score: 4
Name: Human - A
Hand: 10
(0) -4 | -3
(1) -4 | -2
(2) -4 | +4
(3) -5 | +1
(4) -4 | +3
(5) -4 | -1
(6) -4 | +1
(7) -5 | +2
(8) -4 | +2
(9) -5
Deck: 0
Rounds won: 0
Current round score: 5
Cards played: 5
Is standing: True
Main deck: 39
(0) +1
(1) +1
(2) +1
(3) +1
(4) +2
(5) +2
(6) +2
(7) +2
(8) +3
(9) +3
(10) +3
(11) +3
(12) +4
(13) +4
(14) +4
(15) +4
(16) +5
(17) +5
(18) +5
(19) +6
(20) +6
(21) +6
(22) +6
(23) +7
(24) +7
(25) +7
(26) +7
(27) +8
(28) +8
(29) +8
(30) +8
(31) +9
(32) +9
(33) +9
(34) +9
(35) +10
(36) +10
(37) +10
(38) +10
Name: Human - B
Hand: 10
(0) Double the value of the last played card.
(1) +1
(2) +3
(3) +4 <~> -4 | +3 <~> -3
(4) +4 | +3
(5) -1
(6) +/-	1|2
(7) +5 | +2
(8) +5 <~> -5 | +2 <~> -2
(9) +2
Deck: 0
Rounds won: 3
Current round score: 8
Cards played: 2 6
Is standing: True
Main deck: 36
(0) +1
(1) +1
(2) +1
(3) +1
(4) +2
(5) +2
(6) +2
(7) +3
(8) +3
(9) +3
(10) +3
(11) +4
(12) +4
(13) +4
(14) +4
(15) +5
(16) +5
(17) +5
(18) +5
(19) +6
(20) +6
(21) +6
(22) +7
(23) +7
(24) +7
(25) +8
(26) +8
(27) +8
(28) +8
(29) +9
(30) +9
(31) +9
(32) +10
(33) +10
(34) +10
(35) +10
