Current score: 2
Name: Human - a
Hand: 4
(0) +3 <~> -3 | +2 <~> -2
(1) +2
(2) +3
(3) +2 | +1
Deck: 6
(0) +1
(1) +1 | -1
(2) +2 <~> -2 | +1 <~> -1
(3) +2 | -1
(4) +2 | -2
(5) +3 <~> -3 | +1 <~> -1
Rounds won: 0
Current round score: 0
Cards played: 
Is standing: True
Main deck: 40
(0) +1
(1) +1
(2) +1
(3) +1
(4) +2
(5) +2
(6) +2
(7) +2
(8) +3
(9) +3
(10) +3
(11) +3
(12) +4
(13) +4
(14) +4
(15) +4
(16) +5
(17) +5
(18) +5
(19) +5
(20) +6
(21) +6
(22) +6
(23) +6
(24) +7
(25) +7
(26) +7
(27) +7
(28) +8
(29) +8
(30) +8
(31) +8
(32) +9
(33) +9
(34) +9
(35) +9
(36) +10
(37) +10
(38) +10
(39) +10
Name: Computer - Computer
Remaining cards: 4
Deck: 6
(0) +1
(1) +2
(2) +3
(3) +4
(4) +5
(5) +6
Rounds won: 1
Current round score: 3
Cards played: 3
Is standing: True
Main deck: 39
(0) +1
(1) +1
(2) +1
(3) +1
(4) +2
(5) +2
(6) +2
(7) +2
(8) +3
(9) +3
(10) +3
(11) +4
(12) +4
(13) +4
(14) +4
(15) +5
(16) +5
(17) +5
(18) +5
(19) +6
(20) +6
(21) +6
(22) +6
(23) +7
(24) +7
(25) +7
(26) +7
(27) +8
(28) +8
(29) +8
(30) +8
(31) +9
(32) +9
(33) +9
(34) +9
(35) +10
(36) +10
(37) +10
(38) +10
